four_state=false masks=known path=reset: repeats=2542, candidates=[(16, 11075), (32, 11779)], training_batch_ns=[[694966, 695598, 690798], [707702, 698744, 705518]]
four_state=false masks=known path=reset: validation_batch_ns baseline=[249669, 242464, 242825, 241873, 241953, 241743, 247565, 243266, 246171, 242835, 244629, 253076, 241923, 254709, 241923], candidate=[671829, 684255, 687602, 685748, 694255, 680877, 682821, 744708, 685417, 682541, 673292, 686489, 673463, 679455, 671239]
four_state=false masks=known path=increment: repeats=1327, candidates=[(16, 11075), (32, 11779)], training_batch_ns=[[448384, 405377, 404856], [415768, 400246, 420006]]
four_state=false masks=known path=increment: validation_batch_ns baseline=[258527, 247655, 255140, 247725, 247514, 294460, 246522, 308368, 266814, 246723, 246242, 257595, 246623, 245771, 245972], candidate=[392801, 391538, 391738, 401518, 391318, 431109, 390186, 413153, 415617, 401118, 388392, 421659, 386538, 385416, 403051]
four_state=true masks=known path=reset: repeats=1058, candidates=[(16, 22538), (32, 24250)], training_batch_ns=[[528608, 532695, 547586], [553077, 533758, 530321]]
four_state=true masks=known path=reset: validation_batch_ns baseline=[250560, 251021, 252294, 259268, 249378, 248626, 256924, 248306, 261182, 249589, 248837, 251022, 250410, 247985, 278778], candidate=[607217, 557366, 535601, 544600, 528727, 535562, 530661, 528768, 556194, 528998, 635295, 530532, 536354, 555432, 549510]
four_state=true masks=known path=increment: repeats=243, candidates=[(16, 22538), (32, 24250)], training_batch_ns=[[180348, 180327, 180288], [177261, 177201, 198806]]
four_state=true masks=known path=increment: validation_batch_ns baseline=[263036, 248838, 251703, 280873, 249478, 248687, 248797, 248827, 264008, 261122, 248556, 251092, 248637, 248717, 248627], candidate=[176219, 175638, 176860, 176941, 186129, 175508, 176750, 176960, 185919, 175307, 175228, 175487, 177121, 185909, 175287]
four_state=true masks=mixed path=reset: repeats=1003, candidates=[(16, 22538), (32, 24250)], training_batch_ns=[[504228, 511082, 505060], [503677, 537826, 497113]]
four_state=true masks=mixed path=reset: validation_batch_ns baseline=[236722, 237043, 236212, 244959, 246322, 244378, 246763, 268127, 245761, 247344, 247354, 244809, 245731, 237274, 236311], candidate=[518267, 495781, 821725, 685938, 683082, 673133, 710458, 668563, 688042, 722813, 707181, 674194, 568739, 497704, 514628]
four_state=true masks=mixed path=increment: repeats=298, candidates=[(16, 22538), (32, 24250)], training_batch_ns=[[354582, 360685, 354252], [347830, 342258, 351226]]
four_state=true masks=mixed path=increment: validation_batch_ns baseline=[265271, 243186, 239769, 268267, 254349, 253146, 277525, 246393, 241622, 256302, 273949, 255010, 258798, 300052, 254789], candidate=[359874, 345254, 343169, 344993, 345835, 347328, 342048, 344322, 342518, 297887, 216511, 216381, 238085, 265872, 216591]
