four_state=false masks=known path=reset: repeats=2623, candidates=[(16, 11075), (32, 11779)], training_batch_ns=[[730702, 714257, 720710], [723083, 728755, 694459]]
four_state=false masks=known path=reset: validation_batch_ns baseline=[337490, 517992, 288364, 250710, 250029, 268856, 250059, 248926, 249037, 275148, 250269, 250239, 249228, 256261, 249598], candidate=[722914, 762618, 691422, 731153, 721611, 714487, 709918, 727252, 713986, 934718, 693246, 714647, 691732, 723605, 691913]
four_state=false masks=known path=increment: repeats=1334, candidates=[(16, 11075), (32, 11779)], training_batch_ns=[[395143, 414971, 432987], [383991, 383540, 409370]]
four_state=false masks=known path=increment: validation_batch_ns baseline=[243577, 244478, 243686, 264286, 243857, 256953, 244919, 293344, 303895, 263355, 244157, 245059, 262313, 244037, 274577], candidate=[421537, 384451, 383479, 384132, 391626, 384662, 394952, 400784, 491471, 439389, 385694, 414531, 384772, 402357, 385253]
four_state=true masks=known path=reset: repeats=1050, candidates=[(16, 22538), (32, 24250)], training_batch_ns=[[535858, 534725, 525157], [523754, 530999, 544484]]
four_state=true masks=known path=reset: validation_batch_ns baseline=[258295, 254398, 248125, 253546, 246332, 246261, 245660, 256892, 245880, 247844, 256331, 255480, 266651, 245951, 258716], candidate=[529605, 523283, 530297, 517793, 527602, 526921, 528784, 518023, 517843, 533162, 517582, 517582, 531329, 518615, 534616]
four_state=true masks=known path=increment: repeats=236, candidates=[(16, 22538), (32, 24250)], training_batch_ns=[[175634, 234769, 215010], [173299, 238443, 172888]]
four_state=true masks=known path=increment: validation_batch_ns baseline=[268044, 250439, 244799, 248145, 248196, 273575, 247874, 247654, 251151, 247564, 247544, 247534, 251552, 257354, 269687], candidate=[179421, 172267, 171946, 173089, 182948, 171596, 171816, 171495, 183379, 181655, 171375, 172367, 172528, 172858, 171926]
four_state=true masks=mixed path=reset: repeats=1046, candidates=[(16, 22538), (32, 24250)], training_batch_ns=[[563011, 535397, 524646], [526098, 518845, 528663]]
four_state=true masks=mixed path=reset: validation_batch_ns baseline=[301280, 247073, 260730, 246092, 246231, 245910, 246141, 246171, 246241, 256311, 246372, 245470, 244618, 246702, 246132], candidate=[666043, 520187, 530097, 520037, 538583, 519906, 518875, 535076, 519205, 535627, 565165, 519455, 556619, 519706, 552210]
four_state=true masks=mixed path=increment: repeats=290, candidates=[(16, 22538), (32, 24250)], training_batch_ns=[[215221, 215241, 215131], [212064, 210531, 211804]]
four_state=true masks=mixed path=increment: validation_batch_ns baseline=[247825, 247755, 282071, 258074, 254919, 248075, 247594, 258996, 247855, 247985, 251331, 258105, 268756, 247594, 251021], candidate=[210742, 230621, 212756, 210792, 237685, 210672, 212135, 212135, 210752, 210532, 212315, 212425, 210351, 210261, 212416]
