four_state=false masks=known path=reset: repeats=2499, candidates=[(16, 11075), (32, 11779)], training_batch_ns=[[694772, 685216, 673575], [686418, 674947, 702806]]
four_state=false masks=known path=reset: validation_batch_ns baseline=[254298, 279642, 339468, 241855, 252465, 240593, 241174, 261460, 240974, 240093, 241194, 240994, 240674, 240784, 239882], candidate=[679105, 676290, 669548, 692679, 679275, 667615, 677702, 674216, 677983, 666583, 763704, 720297, 706623, 673425, 676751]
four_state=false masks=known path=increment: repeats=687, candidates=[(16, 11075), (32, 11779)], training_batch_ns=[[339407, 302562, 305277], [279242, 313181, 297864]]
four_state=false masks=known path=increment: validation_batch_ns baseline=[194312, 232389, 213105, 229814, 236055, 348243, 229834, 230917, 252113, 240534, 270206, 245922, 242477, 281505, 386806], candidate=[253896, 263173, 252895, 330722, 296883, 300629, 369921, 315946, 310145, 299958, 318711, 298745, 319001, 401617, 247385]
four_state=true masks=known path=reset: repeats=615, candidates=[(16, 22538), (32, 24250)], training_batch_ns=[[397930, 388092, 326394], [400635, 383024, 455391]]
four_state=true masks=known path=reset: validation_batch_ns baseline=[187179, 162867, 199451, 181059, 177903, 185677, 183273, 182401, 211422, 203318, 202156, 178324, 267991, 184093, 180718], candidate=[495232, 477109, 523982, 492396, 466811, 501723, 450342, 500331, 483180, 461362, 547494, 510057, 512942, 529160, 464597]
four_state=true masks=known path=increment: repeats=224, candidates=[(16, 22538), (32, 24250)], training_batch_ns=[[252885, 248768, 248867], [260228, 238710, 240784]]
four_state=true masks=known path=increment: validation_batch_ns baseline=[273982, 254528, 246814, 272389, 268503, 260398, 250210, 285763, 248207, 288432, 287472, 250050, 247536, 244470, 248227], candidate=[237088, 249259, 238420, 235425, 220337, 215038, 244150, 251693, 235634, 233090, 234322, 251533, 256832, 243999, 244010]
four_state=true masks=mixed path=reset: repeats=915, candidates=[(16, 22538), (32, 24250)], training_batch_ns=[[610925, 526969, 513615], [633916, 580438, 546485]]
four_state=true masks=mixed path=reset: validation_batch_ns baseline=[239461, 307165, 261771, 269716, 262503, 308567, 262132, 238398, 280736, 286818, 261601, 261591, 261181, 315215, 321582], candidate=[620522, 629718, 619259, 611385, 617055, 527921, 515468, 480685, 599904, 589845, 613249, 625210, 624790, 655406, 1218087]
four_state=true masks=mixed path=increment: repeats=254, candidates=[(16, 22538), (32, 24250)], training_batch_ns=[[195489, 215908, 244490], [191342, 191192, 232728]]
four_state=true masks=mixed path=increment: validation_batch_ns baseline=[240232, 227539, 225595, 226437, 225455, 225455, 225375, 237387, 225675, 225826, 225625, 227699, 225295, 225686, 224934], candidate=[191151, 225375, 224242, 199547, 203565, 196091, 191552, 191542, 195380, 191653, 238820, 191953, 198726, 207962, 197673]
