four_state=false masks=known path=reset: repeats=2569, candidates=[(16, 13167), (32, 13567)], training_batch_ns=[[244585, 245326, 244164], [268413, 267922, 266378]]
four_state=false masks=known path=reset: validation_batch_ns baseline=[244754, 245346, 244905, 306961, 266790, 271278, 244344, 245046, 255196, 244965, 257370, 245346, 254365, 245436, 245566], candidate=[253763, 250797, 244945, 281098, 254704, 243993, 243402, 243472, 250496, 245116, 243793, 243452, 244484, 268062, 242280]
four_state=false masks=known path=increment: repeats=1309, candidates=[(16, 13167), (32, 13567)], training_batch_ns=[[388575, 377964, 388545], [385950, 372233, 398065]]
four_state=false masks=known path=increment: validation_batch_ns baseline=[240817, 249986, 239654, 239644, 239865, 262991, 240035, 239664, 250166, 240706, 239915, 287781, 277070, 239945, 251849], candidate=[374607, 373976, 373996, 373816, 410469, 373706, 373495, 373335, 375298, 412454, 373976, 384507, 374397, 372924, 373044]
four_state=true masks=known path=reset: repeats=999, candidates=[(16, 26684), (32, 27772)], training_batch_ns=[[240075, 250206, 240326], [234564, 234945, 234443]]
four_state=true masks=known path=reset: validation_batch_ns baseline=[247190, 240196, 243182, 233923, 233973, 236237, 243893, 516083, 457555, 330355, 233783, 256759, 234404, 243252, 234163], candidate=[236208, 244554, 235596, 235707, 238061, 234655, 235846, 235887, 246488, 245356, 235646, 258282, 259066, 234544, 234605]
four_state=true masks=known path=increment: repeats=287, candidates=[(16, 26684), (32, 27772)], training_batch_ns=[[212740, 214765, 213291], [209434, 217921, 209564]]
four_state=true masks=known path=increment: validation_batch_ns baseline=[253482, 255115, 245086, 245275, 248001, 266739, 248171, 245165, 262821, 255867, 245106, 245186, 244815, 255036, 244975], candidate=[207169, 207099, 207409, 207199, 207239, 225476, 208001, 207219, 207088, 208662, 214333, 207108, 207139, 206908, 230506]
four_state=true masks=mixed path=reset: repeats=486, candidates=[(16, 26684), (32, 27772)], training_batch_ns=[[226558, 117237, 139362], [134101, 126777, 144324]]
four_state=true masks=mixed path=reset: validation_batch_ns baseline=[125764, 153250, 120765, 116916, 116896, 175064, 117157, 136877, 117428, 116996, 117066, 142458, 119041, 168170, 158771], candidate=[116786, 138841, 120183, 116285, 129171, 147666, 116806, 116525, 116385, 116024, 143661, 142107, 128690, 146536, 116867]
four_state=true masks=mixed path=increment: repeats=231, candidates=[(16, 26684), (32, 27772)], training_batch_ns=[[196648, 187158, 173231], [168962, 168411, 168420]]
four_state=true masks=mixed path=increment: validation_batch_ns baseline=[237840, 238111, 240927, 237540, 237600, 237621, 239805, 271269, 238692, 246108, 237390, 248262, 237600, 237260, 240777], candidate=[168270, 168561, 168150, 178520, 168301, 168099, 167850, 167849, 169152, 168530, 168460, 168962, 168420, 168090, 168791]
