four_state=false masks=known path=reset: repeats=2465, candidates=[(16, 13167), (32, 13567)], training_batch_ns=[[252936, 253908, 277551], [239781, 238979, 297127]]
four_state=false masks=known path=reset: validation_batch_ns baseline=[255991, 250501, 247666, 250812, 250060, 272281, 251693, 260840, 249309, 249659, 254068, 250922, 250241, 261702, 305152], candidate=[239420, 262213, 239080, 253116, 238939, 239440, 315440, 269727, 252094, 238890, 312385, 260679, 238749, 241384, 289833]
four_state=false masks=known path=increment: repeats=702, candidates=[(16, 13167), (32, 13567)], training_batch_ns=[[373483, 371059, 372592], [379665, 362212, 398761]]
four_state=false masks=known path=increment: validation_batch_ns baseline=[235122, 232799, 246785, 140154, 135536, 134163, 134784, 163949, 146045, 133972, 134022, 133382, 133992, 205447, 142088], candidate=[388702, 375637, 213352, 220165, 228010, 210557, 209625, 209725, 210797, 210607, 210667, 210236, 211028, 289265, 224282]
four_state=true masks=known path=reset: repeats=978, candidates=[(16, 26684), (32, 27772)], training_batch_ns=[[255491, 253237, 263426], [234522, 233059, 240352]]
four_state=true masks=known path=reset: validation_batch_ns baseline=[306878, 285197, 234481, 234662, 242507, 233530, 233791, 293723, 236596, 264819, 234191, 234071, 254099, 313982, 289676], candidate=[235423, 233651, 233690, 233620, 264378, 233620, 293302, 233920, 253257, 233840, 233540, 233750, 243819, 233951, 234321]
four_state=true masks=known path=increment: repeats=239, candidates=[(16, 26684), (32, 27772)], training_batch_ns=[[214905, 189848, 181913], [178517, 178226, 177855]]
four_state=true masks=known path=increment: validation_batch_ns baseline=[212531, 222709, 211809, 213883, 212510, 214214, 225084, 212440, 213262, 226076, 211709, 216117, 212200, 253617, 212601], candidate=[208353, 186872, 210166, 178316, 190038, 224272, 178857, 183044, 178937, 178807, 187473, 178045, 209936, 237828, 178476]
four_state=true masks=mixed path=reset: repeats=1015, candidates=[(16, 26684), (32, 27772)], training_batch_ns=[[247647, 249720, 246955], [236285, 271402, 262194]]
four_state=true masks=mixed path=reset: validation_batch_ns baseline=[261202, 248308, 246845, 267113, 247817, 285338, 265650, 247947, 266141, 248578, 247977, 269868, 248378, 271191, 314582], candidate=[280398, 247666, 288454, 247817, 248127, 266261, 248078, 276461, 247777, 270159, 303902, 247957, 259970, 248087, 251453]
four_state=true masks=mixed path=increment: repeats=252, candidates=[(16, 26684), (32, 27772)], training_batch_ns=[[192343, 192302, 192843], [187203, 187053, 198394]]
four_state=true masks=mixed path=increment: validation_batch_ns baseline=[222208, 235704, 222760, 233950, 223381, 226026, 223682, 226376, 234302, 224082, 286454, 257004, 223581, 265696, 221607], candidate=[188505, 188485, 214504, 189066, 189467, 189296, 189236, 189307, 189537, 225956, 196861, 217009, 189247, 195498, 206720]
