four_state=false masks=known path=reset: repeats=2494, candidates=[(16, 13167), (32, 13567)], training_batch_ns=[[237286, 237797, 237687], [237587, 237717, 236765]]
four_state=false masks=known path=reset: validation_batch_ns baseline=[238088, 253637, 303143, 238679, 238207, 249510, 270049, 238208, 238127, 237477, 269307, 245111, 237467, 237566, 237687], candidate=[237015, 237677, 288204, 282153, 238298, 237466, 237637, 236585, 236865, 247465, 237056, 237517, 238027, 247545, 238138]
four_state=false masks=known path=increment: repeats=920, candidates=[(16, 13167), (32, 13567)], training_batch_ns=[[283485, 296310, 272844], [269398, 275499, 269228]]
four_state=false masks=known path=increment: validation_batch_ns baseline=[169266, 168204, 167943, 168013, 198382, 168333, 168564, 168815, 168764, 186478, 180517, 168684, 168914, 193381, 168734], candidate=[272544, 263737, 263727, 268747, 263827, 272554, 281732, 281581, 262855, 277133, 281000, 263256, 283374, 263627, 263797]
four_state=true masks=known path=reset: repeats=1038, candidates=[(16, 26684), (32, 27772)], training_batch_ns=[[247626, 248337, 248388], [237506, 247346, 242286]]
four_state=true masks=known path=reset: validation_batch_ns baseline=[249920, 244861, 245211, 243619, 244189, 243408, 255842, 244941, 245131, 243177, 243628, 263817, 243028, 479256, 488038], candidate=[237276, 248457, 244169, 237366, 237166, 247045, 236084, 237115, 235963, 246825, 243738, 236515, 246964, 236344, 253076]
four_state=true masks=known path=increment: repeats=284, candidates=[(16, 26684), (32, 27772)], training_batch_ns=[[219372, 230202, 212879], [213500, 212348, 207359]]
four_state=true masks=known path=increment: validation_batch_ns baseline=[244149, 244039, 254759, 243548, 246795, 247996, 255651, 243458, 246404, 246424, 256312, 243618, 246774, 251383, 253037], candidate=[228609, 214632, 206907, 206277, 206517, 206537, 219923, 206587, 206326, 206417, 206577, 206487, 206657, 206196, 218981]
four_state=true masks=mixed path=reset: repeats=1030, candidates=[(16, 26684), (32, 27772)], training_batch_ns=[[269017, 247616, 267434], [459804, 243478, 245011]]
four_state=true masks=mixed path=reset: validation_batch_ns baseline=[246103, 244671, 244680, 246033, 243949, 243889, 243608, 243668, 244250, 244370, 332489, 275429, 272865, 243418, 244089], candidate=[244470, 244269, 304916, 242957, 272103, 242406, 243208, 261432, 268266, 260651, 244540, 258086, 244831, 243148, 243068]
four_state=true masks=mixed path=increment: repeats=239, candidates=[(16, 26684), (32, 27772)], training_batch_ns=[[177761, 178263, 185336], [173904, 173604, 173974]]
four_state=true masks=mixed path=increment: validation_batch_ns baseline=[240372, 230834, 235693, 238980, 238528, 238108, 238619, 239060, 238839, 238579, 238619, 231706, 220053, 248237, 275289], candidate=[173925, 173734, 206758, 174024, 173774, 173674, 174325, 184184, 174155, 174165, 180317, 176268, 415409, 272674, 2892940]
